    0    0    0   0.000000000   0.000000000   0.000000E+00   0.000000E+00
    0    2    0   0.000000000   1.951602789  -0.392457E-01  -0.161282E-16
   -2    0    0  -1.951602789   0.000000000  -0.392457E-01   0.161282E-16
    2    0    0   1.951602789  -0.000000000  -0.392457E-01  -0.161282E-16
    0   -2    0  -0.000000000  -1.951602789  -0.392457E-01   0.161282E-16
    2   -2    0   1.951602789  -1.951602789   0.114989E+00   0.108066E-15
   -2    2    0  -1.951602789   1.951602789   0.114989E+00  -0.108066E-15
    2    2    0   1.951602789   1.951602789   0.114989E+00   0.535524E-16
   -2   -2    0  -1.951602789  -1.951602789   0.114989E+00  -0.535524E-16
   -4    0    0  -3.903205579   0.000000000   0.850865E-01  -0.335419E-16
    0    4    0   0.000000000   3.903205579   0.850865E-01   0.335419E-16
    4    0    0   3.903205579  -0.000000000   0.850865E-01   0.335419E-16
    0   -4    0  -0.000000000  -3.903205579   0.850865E-01  -0.335419E-16
    4   -2    0   3.903205579  -1.951602789  -0.163560E-01  -0.678307E-16
    2   -4    0   1.951602789  -3.903205579  -0.163560E-01  -0.190851E-16
   -2   -4    0  -1.951602789  -3.903205579  -0.163560E-01   0.157510E-16
   -4    2    0  -3.903205579   1.951602789  -0.163560E-01   0.678307E-16
   -4   -2    0  -3.903205579  -1.951602789  -0.163560E-01   0.332923E-16
    2    4    0   1.951602789   3.903205579  -0.163560E-01  -0.157510E-16
    4    2    0   3.903205579   1.951602789  -0.163560E-01  -0.332923E-16
   -2    4    0  -1.951602789   3.903205579  -0.163560E-01   0.190851E-16
    4    4    0   3.903205579   3.903205579   0.590275E-01   0.542806E-16
   -4   -4    0  -3.903205579  -3.903205579   0.590275E-01  -0.542806E-16
    4   -4    0   3.903205579  -3.903205579   0.590275E-01   0.108833E-15
   -4    4    0  -3.903205579   3.903205579   0.590275E-01  -0.108833E-15
    0   -6    0  -0.000000000  -5.854808368  -0.113033E-01   0.163439E-16
    0    6    0   0.000000000   5.854808368  -0.113033E-01  -0.163439E-16
   -6    0    0  -5.854808368   0.000000000  -0.113033E-01   0.237120E-16
    6    0    0   5.854808368  -0.000000000  -0.113033E-01  -0.237120E-16
   -2    6    0  -1.951602789   5.854808368   0.516414E-01  -0.856060E-16
   -6   -2    0  -5.854808368  -1.951602789   0.516414E-01  -0.405172E-16
    6   -2    0   5.854808368  -1.951602789   0.516414E-01   0.835410E-16
    2    6    0   1.951602789   5.854808368   0.516414E-01   0.405172E-16
    2   -6    0   1.951602789  -5.854808368   0.516414E-01   0.856060E-16
   -2   -6    0  -1.951602789  -5.854808368   0.516414E-01  -0.405172E-16
    6    2    0   5.854808368   1.951602789   0.516414E-01   0.405172E-16
   -6    2    0  -5.854808368   1.951602789   0.516414E-01  -0.835410E-16
   -6    4    0  -5.854808368   3.903205579  -0.861326E-02   0.423804E-16
    6    4    0   5.854808368   3.903205579  -0.861326E-02  -0.677179E-16
   -4   -6    0  -3.903205579  -5.854808368  -0.861326E-02   0.270858E-16
   -6   -4    0  -5.854808368  -3.903205579  -0.861326E-02   0.677179E-16
    4   -6    0   3.903205579  -5.854808368  -0.861326E-02  -0.653318E-16
   -4    6    0  -3.903205579   5.854808368  -0.861326E-02   0.653318E-16
    6   -4    0   5.854808368  -3.903205579  -0.861326E-02  -0.423804E-16
    4    6    0   3.903205579   5.854808368  -0.861326E-02  -0.270858E-16
    0    8    0   0.000000000   7.806411158   0.379465E-01   0.296558E-16
    0   -8    0  -0.000000000  -7.806411158   0.379465E-01  -0.296558E-16
   -8    0    0  -7.806411158   0.000000000   0.379465E-01  -0.296558E-16
    8    0    0   7.806411158  -0.000000000   0.379465E-01   0.296558E-16
   -2    8    0  -1.951602789   7.806411158  -0.685999E-02   0.339397E-16
   -8   -2    0  -7.806411158  -1.951602789  -0.685999E-02   0.558402E-16
    8    2    0   7.806411158   1.951602789  -0.685999E-02  -0.558402E-16
    2    8    0   1.951602789   7.806411158  -0.685999E-02   0.126562E-16
   -2   -8    0  -1.951602789  -7.806411158  -0.685999E-02  -0.126562E-16
   -8    2    0  -7.806411158   1.951602789  -0.685999E-02   0.600813E-16
    2   -8    0   1.951602789  -7.806411158  -0.685999E-02  -0.339397E-16
    8   -2    0   7.806411158  -1.951602789  -0.685999E-02  -0.600813E-16
    6   -6    0   5.854808368  -5.854808368   0.349399E-01   0.613448E-16
    6    6    0   5.854808368   5.854808368   0.349399E-01   0.282779E-16
   -6   -6    0  -5.854808368  -5.854808368   0.349399E-01  -0.282779E-16
   -6    6    0  -5.854808368   5.854808368   0.349399E-01  -0.613448E-16
   -8   -4    0  -7.806411158  -3.903205579   0.324001E-01  -0.463801E-16
    8   -4    0   7.806411158  -3.903205579   0.324001E-01   0.737825E-16
   -4    8    0  -3.903205579   7.806411158   0.324001E-01  -0.208954E-16
    8    4    0   7.806411158   3.903205579   0.324001E-01   0.463801E-16
   -8    4    0  -7.806411158   3.903205579   0.324001E-01  -0.737825E-16
    4   -8    0   3.903205579  -7.806411158   0.324001E-01   0.208954E-16
   -4   -8    0  -3.903205579  -7.806411158   0.324001E-01  -0.909973E-17
    4    8    0   3.903205579   7.806411158   0.324001E-01   0.909973E-17
    8    6    0   7.806411158   5.854808368  -0.471088E-02  -0.208065E-16
   -6    8    0  -5.854808368   7.806411158  -0.471088E-02   0.111622E-16
    6   -8    0   5.854808368  -7.806411158  -0.471088E-02  -0.111622E-16
    6    8    0   5.854808368   7.806411158  -0.471088E-02   0.220937E-16
    8   -6    0   7.806411158  -5.854808368  -0.471088E-02  -0.351806E-16
   -6   -8    0  -5.854808368  -7.806411158  -0.471088E-02  -0.220937E-16
   -8   -6    0  -7.806411158  -5.854808368  -0.471088E-02   0.208065E-16
   -8    6    0  -7.806411158   5.854808368  -0.471088E-02   0.351806E-16
   10    0    0   9.758013947  -0.000000000  -0.471088E-02   0.155680E-17
  -10    0    0  -9.758013947   0.000000000  -0.471088E-02  -0.155680E-17
    0   10    0   0.000000000   9.758013947  -0.471088E-02   0.992501E-17
    0  -10    0  -0.000000000  -9.758013947  -0.471088E-02  -0.992501E-17
    2  -10    0   1.951602789  -9.758013947   0.266923E-01   0.700117E-16
   10   -2    0   9.758013947  -1.951602789   0.266923E-01   0.335781E-16
   -2   10    0  -1.951602789   9.758013947   0.266923E-01  -0.700117E-16
   -2  -10    0  -1.951602789  -9.758013947   0.266923E-01   0.411420E-16
    2   10    0   1.951602789   9.758013947   0.266923E-01  -0.411420E-16
   10    2    0   9.758013947   1.951602789   0.266923E-01   0.310808E-16
  -10    2    0  -9.758013947   1.951602789   0.266923E-01  -0.335781E-16
  -10   -2    0  -9.758013947  -1.951602789   0.266923E-01  -0.310808E-16
   -4  -10    0  -3.903205579  -9.758013947  -0.402296E-02  -0.196153E-16
  -10    4    0  -9.758013947   3.903205579  -0.402296E-02   0.831838E-17
   10   -4    0   9.758013947  -3.903205579  -0.402296E-02  -0.831838E-17
    4   10    0   3.903205579   9.758013947  -0.402296E-02   0.196153E-16
   10    4    0   9.758013947   3.903205579  -0.402296E-02   0.178287E-16
   -4   10    0  -3.903205579   9.758013947  -0.402296E-02   0.254151E-16
    4  -10    0   3.903205579  -9.758013947  -0.402296E-02  -0.254151E-16
  -10   -4    0  -9.758013947  -3.903205579  -0.402296E-02  -0.178287E-16
    8    8    0   7.806411158   7.806411158   0.227878E-01   0.411213E-16
    8   -8    0   7.806411158  -7.806411158   0.227878E-01   0.816456E-16
   -8   -8    0  -7.806411158  -7.806411158   0.227878E-01  -0.411213E-16
   -8    8    0  -7.806411158   7.806411158   0.227878E-01  -0.816456E-16
   -6   10    0  -5.854808368   9.758013947   0.217462E-01  -0.262546E-16
   10    6    0   9.758013947   5.854808368   0.217462E-01   0.224552E-16
  -10   -6    0  -9.758013947  -5.854808368   0.217462E-01  -0.224552E-16
    6  -10    0   5.854808368  -9.758013947   0.217462E-01   0.262546E-16
   10   -6    0   9.758013947  -5.854808368   0.217462E-01   0.236403E-16
   -6  -10    0  -5.854808368  -9.758013947   0.217462E-01   0.105943E-16
  -10    6    0  -9.758013947   5.854808368   0.217462E-01  -0.236403E-16
    6   10    0   5.854808368   9.758013947   0.217462E-01  -0.105943E-16
   12    0    0  11.709616737  -0.000000000   0.208034E-01   0.294205E-16
    0   12    0   0.000000000  11.709616737   0.208034E-01   0.240960E-16
    0  -12    0  -0.000000000 -11.709616737   0.208034E-01  -0.240960E-16
  -12    0    0 -11.709616737   0.000000000   0.208034E-01  -0.294205E-16
    2   12    0   1.951602789  11.709616737  -0.308207E-02  -0.126921E-16
  -12   -2    0 -11.709616737  -1.951602789  -0.308207E-02   0.178983E-16
   -2   12    0  -1.951602789  11.709616737  -0.308207E-02   0.303840E-16
   -2  -12    0  -1.951602789 -11.709616737  -0.308207E-02   0.126921E-16
  -12    2    0 -11.709616737   1.951602789  -0.308207E-02   0.359157E-16
   12   -2    0  11.709616737  -1.951602789  -0.308207E-02  -0.359157E-16
   12    2    0  11.709616737   1.951602789  -0.308207E-02  -0.178983E-16
    2  -12    0   1.951602789 -11.709616737  -0.308207E-02  -0.303840E-16
   -4  -12    0  -3.903205579 -11.709616737   0.191625E-01  -0.295477E-16
    4   12    0   3.903205579  11.709616737   0.191625E-01   0.295477E-16
   12    4    0  11.709616737   3.903205579   0.191625E-01   0.295477E-16
   12   -4    0  11.709616737  -3.903205579   0.191625E-01   0.603551E-16
  -12   -4    0 -11.709616737  -3.903205579   0.191625E-01  -0.295477E-16
   -4   12    0  -3.903205579  11.709616737   0.191625E-01  -0.625219E-16
    4  -12    0   3.903205579 -11.709616737   0.191625E-01   0.625219E-16
  -12    4    0 -11.709616737   3.903205579   0.191625E-01  -0.603551E-16
    8  -10    0   7.806411158  -9.758013947  -0.275671E-02  -0.289064E-16
   10    8    0   9.758013947   7.806411158  -0.275671E-02  -0.534454E-17
   -8  -10    0  -7.806411158  -9.758013947  -0.275671E-02   0.484147E-16
   -8   10    0  -7.806411158   9.758013947  -0.275671E-02   0.289064E-16
  -10   -8    0  -9.758013947  -7.806411158  -0.275671E-02   0.534454E-17
    8   10    0   7.806411158   9.758013947  -0.275671E-02  -0.484147E-16
  -10    8    0  -9.758013947   7.806411158  -0.275671E-02   0.130926E-16
   10   -8    0   9.758013947  -7.806411158  -0.275671E-02  -0.130926E-16
  -12   -6    0 -11.709616737  -5.854808368  -0.249686E-02   0.488851E-17
   12    6    0  11.709616737   5.854808368  -0.249686E-02  -0.488851E-17
   12   -6    0  11.709616737  -5.854808368  -0.249686E-02  -0.334044E-16
    6   12    0   5.854808368  11.709616737  -0.249686E-02  -0.226228E-16
  -12    6    0 -11.709616737   5.854808368  -0.249686E-02   0.334044E-16
   -6   12    0  -5.854808368  11.709616737  -0.249686E-02   0.264507E-16
   -6  -12    0  -5.854808368 -11.709616737  -0.249686E-02   0.226228E-16
    6  -12    0   5.854808368 -11.709616737  -0.249686E-02  -0.264507E-16
  -14    0    0 -13.661219526   0.000000000  -0.228691E-02  -0.659716E-17
   14    0    0  13.661219526  -0.000000000  -0.228691E-02   0.659716E-17
    0  -14    0  -0.000000000 -13.661219526  -0.228691E-02  -0.659716E-17
    0   14    0   0.000000000  13.661219526  -0.228691E-02   0.659716E-17
   -2   14    0  -1.951602789  13.661219526   0.160757E-01   0.185416E-16
   14   -2    0  13.661219526  -1.951602789   0.160757E-01   0.424466E-16
    2  -14    0   1.951602789 -13.661219526   0.160757E-01  -0.185416E-16
   14    2    0  13.661219526   1.951602789   0.160757E-01   0.845383E-17
   -2  -14    0  -1.951602789 -13.661219526   0.160757E-01  -0.845383E-17
    2   14    0   1.951602789  13.661219526   0.160757E-01   0.845383E-17
  -14   -2    0 -13.661219526  -1.951602789   0.160757E-01  -0.845383E-17
  -14    2    0 -13.661219526   1.951602789   0.160757E-01  -0.424466E-16
   10  -10    0   9.758013947  -9.758013947   0.160757E-01   0.154407E-16
  -10  -10    0  -9.758013947  -9.758013947   0.160757E-01  -0.533150E-16
   10   10    0   9.758013947   9.758013947   0.160757E-01   0.533150E-16
  -10   10    0  -9.758013947   9.758013947   0.160757E-01  -0.154407E-16
    8   12    0   7.806411158  11.709616737   0.155838E-01   0.338854E-16
   -8  -12    0  -7.806411158 -11.709616737   0.155838E-01  -0.338854E-16
   12   -8    0  11.709616737  -7.806411158   0.155838E-01   0.543506E-16
  -12    8    0 -11.709616737   7.806411158   0.155838E-01  -0.543506E-16
    8  -12    0   7.806411158 -11.709616737   0.155838E-01   0.580996E-16
   -8   12    0  -7.806411158  11.709616737   0.155838E-01  -0.580996E-16
   12    8    0  11.709616737   7.806411158   0.155838E-01   0.614572E-16
  -12   -8    0 -11.709616737  -7.806411158   0.155838E-01  -0.614572E-16
   -4   14    0  -3.903205579  13.661219526  -0.211531E-02   0.137174E-16
    4  -14    0   3.903205579 -13.661219526  -0.211531E-02  -0.137174E-16
    4   14    0   3.903205579  13.661219526  -0.211531E-02  -0.420027E-17
   -4  -14    0  -3.903205579 -13.661219526  -0.211531E-02   0.420027E-17
  -14    4    0 -13.661219526   3.903205579  -0.211531E-02   0.249729E-16
   14    4    0  13.661219526   3.903205579  -0.211531E-02  -0.274687E-16
   14   -4    0  13.661219526  -3.903205579  -0.211531E-02  -0.249729E-16
  -14   -4    0 -13.661219526  -3.903205579  -0.211531E-02   0.274687E-16
   -6   14    0  -5.854808368  13.661219526   0.142872E-01   0.646922E-17
    6   14    0   5.854808368  13.661219526   0.142872E-01   0.941639E-17
  -14   -6    0 -13.661219526  -5.854808368   0.142872E-01  -0.130199E-16
   14   -6    0  13.661219526  -5.854808368   0.142872E-01   0.389784E-16
   -6  -14    0  -5.854808368 -13.661219526   0.142872E-01  -0.941639E-17
  -14    6    0 -13.661219526   5.854808368   0.142872E-01  -0.389784E-16
   14    6    0  13.661219526   5.854808368   0.142872E-01   0.130199E-16
    6  -14    0   5.854808368 -13.661219526   0.142872E-01  -0.646922E-17
  -10   12    0  -9.758013947  11.709616737  -0.185465E-02   0.221256E-16
   10  -12    0   9.758013947 -11.709616737  -0.185465E-02  -0.221256E-16
  -10  -12    0  -9.758013947 -11.709616737  -0.185465E-02  -0.413940E-17
   12  -10    0  11.709616737  -9.758013947  -0.185465E-02  -0.213377E-16
   12   10    0  11.709616737   9.758013947  -0.185465E-02  -0.232031E-16
  -12   10    0 -11.709616737   9.758013947  -0.185465E-02   0.213377E-16
  -12  -10    0 -11.709616737  -9.758013947  -0.185465E-02   0.232031E-16
   10   12    0   9.758013947  11.709616737  -0.185465E-02   0.413940E-17
   16    0    0  15.612822316  -0.000000000   0.132048E-01   0.202764E-16
    0  -16    0  -0.000000000 -15.612822316   0.132048E-01  -0.202764E-16
  -16    0    0 -15.612822316   0.000000000   0.132048E-01  -0.202764E-16
    0   16    0   0.000000000  15.612822316   0.132048E-01   0.202764E-16
  -14    8    0 -13.661219526   7.806411158  -0.175409E-02   0.163340E-16
    2   16    0   1.951602789  15.612822316  -0.175409E-02   0.160257E-16
  -14   -8    0 -13.661219526  -7.806411158  -0.175409E-02  -0.426712E-17
   -2  -16    0  -1.951602789 -15.612822316  -0.175409E-02  -0.160257E-16
    8  -14    0   7.806411158 -13.661219526  -0.175409E-02  -0.275089E-16
  -16   -2    0 -15.612822316  -1.951602789  -0.175409E-02   0.179106E-16
  -16    2    0 -15.612822316   1.951602789  -0.175409E-02   0.406980E-16
    2  -16    0   1.951602789 -15.612822316  -0.175409E-02  -0.217219E-16
   -2   16    0  -1.951602789  15.612822316  -0.175409E-02   0.217219E-16
   14    8    0  13.661219526   7.806411158  -0.175409E-02   0.426712E-17
   16    2    0  15.612822316   1.951602789  -0.175409E-02  -0.179106E-16
   -8   14    0  -7.806411158  13.661219526  -0.175409E-02   0.275089E-16
    8   14    0   7.806411158  13.661219526  -0.175409E-02  -0.609676E-17
   16   -2    0  15.612822316  -1.951602789  -0.175409E-02  -0.406980E-16
   -8  -14    0  -7.806411158 -13.661219526  -0.175409E-02   0.609676E-17
   14   -8    0  13.661219526  -7.806411158  -0.175409E-02  -0.163340E-16
    4   16    0   3.903205579  15.612822316   0.125762E-01  -0.140407E-16
   -4   16    0  -3.903205579  15.612822316   0.125762E-01  -0.148165E-16
   16    4    0  15.612822316   3.903205579   0.125762E-01   0.494746E-16
  -16   -4    0 -15.612822316  -3.903205579   0.125762E-01  -0.494746E-16
   -4  -16    0  -3.903205579 -15.612822316   0.125762E-01   0.140407E-16
  -16    4    0 -15.612822316   3.903205579   0.125762E-01  -0.701205E-16
   16   -4    0  15.612822316  -3.903205579   0.125762E-01   0.701205E-16
    4  -16    0   3.903205579 -15.612822316   0.125762E-01   0.148165E-16
  -12  -12    0 -11.709616737 -11.709616737   0.120083E-01  -0.184198E-16
   12  -12    0  11.709616737 -11.709616737   0.120083E-01   0.409864E-16
   12   12    0  11.709616737  11.709616737   0.120083E-01   0.184198E-16
  -12   12    0 -11.709616737  11.709616737   0.120083E-01  -0.409864E-16
   16   -6    0  15.612822316  -5.854808368  -0.159324E-02  -0.276611E-16
  -16    6    0 -15.612822316   5.854808368  -0.159324E-02   0.276611E-16
  -16   -6    0 -15.612822316  -5.854808368  -0.159324E-02   0.379719E-16
    6   16    0   5.854808368  15.612822316  -0.159324E-02   0.640459E-17
   16    6    0  15.612822316   5.854808368  -0.159324E-02  -0.379719E-16
    6  -16    0   5.854808368 -15.612822316  -0.159324E-02  -0.939957E-17
   -6   16    0  -5.854808368  15.612822316  -0.159324E-02   0.939957E-17
   -6  -16    0  -5.854808368 -15.612822316  -0.159324E-02  -0.640459E-17
  -14  -10    0 -13.661219526  -9.758013947   0.117444E-01  -0.211315E-16
  -10   14    0  -9.758013947  13.661219526   0.117444E-01  -0.340218E-16
  -10  -14    0  -9.758013947 -13.661219526   0.117444E-01   0.115617E-16
  -14   10    0 -13.661219526   9.758013947   0.117444E-01  -0.230727E-16
   14  -10    0  13.661219526  -9.758013947   0.117444E-01   0.230727E-16
   14   10    0  13.661219526   9.758013947   0.117444E-01   0.211315E-16
   10  -14    0   9.758013947 -13.661219526   0.117444E-01   0.340218E-16
   10   14    0   9.758013947  13.661219526   0.117444E-01  -0.115617E-16
  -16   -8    0 -15.612822316  -7.806411158   0.110212E-01  -0.309381E-16
   16   -8    0  15.612822316  -7.806411158   0.110212E-01   0.487933E-16
   16    8    0  15.612822316   7.806411158   0.110212E-01   0.309381E-16
    8   16    0   7.806411158  15.612822316   0.110212E-01   0.580731E-17
  -16    8    0 -15.612822316   7.806411158   0.110212E-01  -0.487933E-16
    8  -16    0   7.806411158 -15.612822316   0.110212E-01   0.138220E-16
   -8   16    0  -7.806411158  15.612822316   0.110212E-01  -0.138220E-16
   -8  -16    0  -7.806411158 -15.612822316   0.110212E-01  -0.580731E-17
  -18    0    0 -17.564425105   0.000000000  -0.146974E-02  -0.187697E-16
    0  -18    0  -0.000000000 -17.564425105  -0.146974E-02  -0.187697E-16
   18    0    0  17.564425105  -0.000000000  -0.146974E-02   0.187697E-16
    0   18    0   0.000000000  17.564425105  -0.146974E-02   0.187697E-16
   18    2    0  17.564425105   1.951602789   0.108004E-01  -0.339683E-16
    2   18    0   1.951602789  17.564425105   0.108004E-01  -0.339683E-16
   -2  -18    0  -1.951602789 -17.564425105   0.108004E-01   0.339683E-16
  -18    2    0 -17.564425105   1.951602789   0.108004E-01   0.156260E-17
   -2   18    0  -1.951602789  17.564425105   0.108004E-01  -0.435577E-16
  -18   -2    0 -17.564425105  -1.951602789   0.108004E-01   0.339683E-16
   18   -2    0  17.564425105  -1.951602789   0.108004E-01  -0.156260E-17
    2  -18    0   1.951602789 -17.564425105   0.108004E-01   0.435577E-16
  -12   14    0 -11.709616737  13.661219526  -0.141781E-02   0.277175E-16
  -14  -12    0 -13.661219526 -11.709616737  -0.141781E-02   0.223057E-16
   14  -12    0  13.661219526 -11.709616737  -0.141781E-02  -0.199722E-16
   14   12    0  13.661219526  11.709616737  -0.141781E-02  -0.223057E-16
   12   14    0  11.709616737  13.661219526  -0.141781E-02  -0.669588E-17
   12  -14    0  11.709616737 -13.661219526  -0.141781E-02  -0.277175E-16
  -14   12    0 -13.661219526  11.709616737  -0.141781E-02   0.199722E-16
  -12  -14    0 -11.709616737 -13.661219526  -0.141781E-02   0.669588E-17
   -4  -18    0  -3.903205579 -17.564425105  -0.141781E-02   0.489081E-17
  -18   -4    0 -17.564425105  -3.903205579  -0.141781E-02   0.121908E-16
    4  -18    0   3.903205579 -17.564425105  -0.141781E-02  -0.280878E-17
   -4   18    0  -3.903205579  17.564425105  -0.141781E-02   0.280878E-17
   18   -4    0  17.564425105  -3.903205579  -0.141781E-02  -0.379921E-17
   18    4    0  17.564425105   3.903205579  -0.141781E-02  -0.121908E-16
  -18    4    0 -17.564425105   3.903205579  -0.141781E-02   0.379921E-17
    4   18    0   3.903205579  17.564425105  -0.141781E-02  -0.489081E-17
   16  -10    0  15.612822316  -9.758013947  -0.137089E-02  -0.216496E-16
   16   10    0  15.612822316   9.758013947  -0.137089E-02  -0.137450E-16
   10   16    0   9.758013947  15.612822316  -0.137089E-02   0.139286E-16
  -16   10    0 -15.612822316   9.758013947  -0.137089E-02   0.216496E-16
   10  -16    0   9.758013947 -15.612822316  -0.137089E-02   0.639542E-19
  -16  -10    0 -15.612822316  -9.758013947  -0.137089E-02   0.137450E-16
  -10   16    0  -9.758013947  15.612822316  -0.137089E-02  -0.639542E-19
  -10  -16    0  -9.758013947 -15.612822316  -0.137089E-02  -0.139286E-16
   18   -6    0  17.564425105  -5.854808368   0.100023E-01  -0.360986E-17
  -18    6    0 -17.564425105   5.854808368   0.100023E-01   0.360986E-17
   -6  -18    0  -5.854808368 -17.564425105   0.100023E-01   0.199487E-16
   -6   18    0  -5.854808368  17.564425105   0.100023E-01  -0.138217E-16
    6  -18    0   5.854808368 -17.564425105   0.100023E-01   0.138217E-16
  -18   -6    0 -17.564425105  -5.854808368   0.100023E-01  -0.528024E-17
   18    6    0  17.564425105   5.854808368   0.100023E-01   0.528024E-17
    6   18    0   5.854808368  17.564425105   0.100023E-01  -0.199487E-16
    8  -18    0   7.806411158 -17.564425105  -0.128883E-02  -0.267439E-16
  -18   -8    0 -17.564425105  -7.806411158  -0.128883E-02  -0.465650E-17
  -18    8    0 -17.564425105   7.806411158  -0.128883E-02   0.299954E-17
   -8  -18    0  -7.806411158 -17.564425105  -0.128883E-02  -0.130030E-16
   18   -8    0  17.564425105  -7.806411158  -0.128883E-02  -0.299954E-17
   -8   18    0  -7.806411158  17.564425105  -0.128883E-02   0.267439E-16
   18    8    0  17.564425105   7.806411158  -0.128883E-02   0.465650E-17
    8   18    0   7.806411158  17.564425105  -0.128883E-02   0.130030E-16
  -14  -14    0 -13.661219526 -13.661219526   0.931695E-02   0.903968E-18
   14   14    0  13.661219526  13.661219526   0.931695E-02  -0.903968E-18
   14  -14    0  13.661219526 -13.661219526   0.931695E-02   0.394715E-16
  -14   14    0 -13.661219526  13.661219526   0.931695E-02  -0.394715E-16
  -12   16    0 -11.709616737  15.612822316   0.916036E-02  -0.121369E-16
   12  -16    0  11.709616737 -15.612822316   0.916036E-02   0.121369E-16
   12   16    0  11.709616737  15.612822316   0.916036E-02  -0.147733E-16
  -12  -16    0 -11.709616737 -15.612822316   0.916036E-02   0.147733E-16
   16   12    0  15.612822316  11.709616737   0.916036E-02   0.129956E-16
  -16  -12    0 -15.612822316 -11.709616737   0.916036E-02  -0.129956E-16
  -16   12    0 -15.612822316  11.709616737   0.916036E-02  -0.348151E-16
   16  -12    0  15.612822316 -11.709616737   0.916036E-02   0.348151E-16
    0  -20    0  -0.000000000 -19.516027894   0.916036E-02   0.242008E-16
  -20    0    0 -19.516027894   0.000000000   0.916036E-02  -0.834333E-17
    0   20    0   0.000000000  19.516027894   0.916036E-02  -0.242008E-16
   20    0    0  19.516027894  -0.000000000   0.916036E-02   0.834333E-17
    2  -20    0   1.951602789 -19.516027894  -0.125248E-02  -0.655356E-17
  -20   -2    0 -19.516027894  -1.951602789  -0.125248E-02  -0.188660E-17
   -2   20    0  -1.951602789  19.516027894  -0.125248E-02   0.655356E-17
   20   -2    0  19.516027894  -1.951602789  -0.125248E-02  -0.162575E-16
  -20    2    0 -19.516027894   1.951602789  -0.125248E-02   0.162575E-16
   -2  -20    0  -1.951602789 -19.516027894  -0.125248E-02  -0.498093E-17
   20    2    0  19.516027894   1.951602789  -0.125248E-02   0.188660E-17
    2   20    0   1.951602789  19.516027894  -0.125248E-02   0.498093E-17
   -4   20    0  -3.903205579  19.516027894   0.886269E-02  -0.458654E-16
   20   -4    0  19.516027894  -3.903205579   0.886269E-02   0.220419E-16
   -4  -20    0  -3.903205579 -19.516027894   0.886269E-02   0.266699E-16
   20    4    0  19.516027894   3.903205579   0.886269E-02   0.204381E-16
    4  -20    0   3.903205579 -19.516027894   0.886269E-02   0.458654E-16
  -20   -4    0 -19.516027894  -3.903205579   0.886269E-02  -0.204381E-16
  -20    4    0 -19.516027894   3.903205579   0.886269E-02  -0.220419E-16
    4   20    0   3.903205579  19.516027894   0.886269E-02  -0.266699E-16
  -18   10    0 -17.564425105   9.758013947   0.872109E-02   0.209435E-16
  -10  -18    0  -9.758013947 -17.564425105   0.872109E-02   0.318301E-16
  -10   18    0  -9.758013947  17.564425105   0.872109E-02  -0.153480E-16
   18  -10    0  17.564425105  -9.758013947   0.872109E-02  -0.209435E-16
   10   18    0   9.758013947  17.564425105   0.872109E-02  -0.318301E-16
  -18  -10    0 -17.564425105  -9.758013947   0.872109E-02   0.966760E-17
   18   10    0  17.564425105   9.758013947   0.872109E-02  -0.966760E-17
   10  -18    0   9.758013947 -17.564425105   0.872109E-02   0.153480E-16
  -20   -6    0 -19.516027894  -5.854808368  -0.118694E-02   0.161247E-16
    6  -20    0   5.854808368 -19.516027894  -0.118694E-02  -0.631215E-17
  -20    6    0 -19.516027894   5.854808368  -0.118694E-02  -0.425002E-17
   -6   20    0  -5.854808368  19.516027894  -0.118694E-02   0.631215E-17
   -6  -20    0  -5.854808368 -19.516027894  -0.118694E-02  -0.204593E-16
    6   20    0   5.854808368  19.516027894  -0.118694E-02   0.204593E-16
   20   -6    0  19.516027894  -5.854808368  -0.118694E-02   0.425002E-17
   20    6    0  19.516027894   5.854808368  -0.118694E-02  -0.161247E-16
  -16   14    0 -15.612822316  13.661219526  -0.115711E-02   0.333535E-16
   16  -14    0  15.612822316 -13.661219526  -0.115711E-02  -0.333535E-16
  -16  -14    0 -15.612822316 -13.661219526  -0.115711E-02   0.192093E-16
  -14   16    0 -13.661219526  15.612822316  -0.115711E-02   0.893891E-17
   14  -16    0  13.661219526 -15.612822316  -0.115711E-02  -0.893891E-17
   14   16    0  13.661219526  15.612822316  -0.115711E-02  -0.248194E-17
   16   14    0  15.612822316  13.661219526  -0.115711E-02  -0.192093E-16
  -14  -16    0 -13.661219526 -15.612822316  -0.115711E-02   0.248194E-17
   20    8    0  19.516027894   7.806411158   0.807652E-02  -0.588435E-17
    8   20    0   7.806411158  19.516027894   0.807652E-02  -0.130577E-16
   -8  -20    0  -7.806411158 -19.516027894   0.807652E-02   0.130577E-16
   20   -8    0  19.516027894  -7.806411158   0.807652E-02   0.103419E-16
  -20   -8    0 -19.516027894  -7.806411158   0.807652E-02   0.588435E-17
    8  -20    0   7.806411158 -19.516027894   0.807652E-02   0.234376E-16
  -20    8    0 -19.516027894   7.806411158   0.807652E-02  -0.103419E-16
   -8   20    0  -7.806411158  19.516027894   0.807652E-02  -0.234376E-16
  -18  -12    0 -17.564425105 -11.709616737  -0.112891E-02   0.852011E-17
  -18   12    0 -17.564425105  11.709616737  -0.112891E-02   0.517946E-17
  -12  -18    0 -11.709616737 -17.564425105  -0.112891E-02  -0.165973E-17
  -12   18    0 -11.709616737  17.564425105  -0.112891E-02   0.182010E-16
   12   18    0  11.709616737  17.564425105  -0.112891E-02   0.165973E-17
   18  -12    0  17.564425105 -11.709616737  -0.112891E-02  -0.517946E-17
   12  -18    0  11.709616737 -17.564425105  -0.112891E-02  -0.182010E-16
   18   12    0  17.564425105  11.709616737  -0.112891E-02  -0.852011E-17
   22    0    0  21.467630684  -0.000000000  -0.110216E-02   0.240812E-16
  -22    0    0 -21.467630684   0.000000000  -0.110216E-02  -0.240812E-16
    0  -22    0  -0.000000000 -21.467630684  -0.110216E-02  -0.280296E-16
    0   22    0   0.000000000  21.467630684  -0.110216E-02   0.280296E-16
   -2   22    0  -1.951602789  21.467630684   0.773379E-02  -0.282826E-16
   22   -2    0  21.467630684  -1.951602789   0.773379E-02  -0.988655E-17
    2  -22    0   1.951602789 -21.467630684   0.773379E-02   0.282826E-16
  -22    2    0 -21.467630684   1.951602789   0.773379E-02   0.988655E-17
   -2  -22    0  -1.951602789 -21.467630684   0.773379E-02   0.390450E-16
  -22   -2    0 -21.467630684  -1.951602789   0.773379E-02   0.311744E-16
   22    2    0  21.467630684   1.951602789   0.773379E-02  -0.311744E-16
    2   22    0   1.951602789  21.467630684   0.773379E-02  -0.390450E-16
    4   22    0   3.903205579  21.467630684  -0.107668E-02   0.105907E-16
   10  -20    0   9.758013947 -19.516027894  -0.107668E-02  -0.821230E-17
   22    4    0  21.467630684   3.903205579  -0.107668E-02   0.530694E-17
    4  -22    0   3.903205579 -21.467630684  -0.107668E-02  -0.141971E-16
  -10   20    0  -9.758013947  19.516027894  -0.107668E-02   0.821230E-17
   -4  -22    0  -3.903205579 -21.467630684  -0.107668E-02  -0.105907E-16
  -10  -20    0  -9.758013947 -19.516027894  -0.107668E-02  -0.158515E-17
  -22    4    0 -21.467630684   3.903205579  -0.107668E-02  -0.844322E-17
   -4   22    0  -3.903205579  21.467630684  -0.107668E-02   0.141971E-16
  -20  -10    0 -19.516027894  -9.758013947  -0.107668E-02  -0.351388E-17
   22   -4    0  21.467630684  -3.903205579  -0.107668E-02   0.844322E-17
  -20   10    0 -19.516027894   9.758013947  -0.107668E-02   0.235123E-17
   20  -10    0  19.516027894  -9.758013947  -0.107668E-02  -0.235123E-17
   20   10    0  19.516027894   9.758013947  -0.107668E-02   0.351388E-17
   10   20    0   9.758013947  19.516027894  -0.107668E-02   0.158515E-17
  -22   -4    0 -21.467630684  -3.903205579  -0.107668E-02  -0.530694E-17
  -16   16    0 -15.612822316  15.612822316   0.741902E-02  -0.526535E-16
   16   16    0  15.612822316  15.612822316   0.741902E-02   0.266072E-16
   16  -16    0  15.612822316 -15.612822316   0.741902E-02   0.526535E-16
  -16  -16    0 -15.612822316 -15.612822316   0.741902E-02  -0.266072E-16
   18   14    0  17.564425105  13.661219526   0.731971E-02  -0.183248E-16
   14  -18    0  13.661219526 -17.564425105   0.731971E-02   0.222601E-16
   14   18    0  13.661219526  17.564425105   0.731971E-02  -0.532472E-17
  -18   14    0 -17.564425105  13.661219526   0.731971E-02  -0.960884E-18
  -14   18    0 -13.661219526  17.564425105   0.731971E-02  -0.222601E-16
  -14  -18    0 -13.661219526 -17.564425105   0.731971E-02   0.532472E-17
   18  -14    0  17.564425105 -13.661219526   0.731971E-02   0.960884E-18
  -18  -14    0 -17.564425105 -13.661219526   0.731971E-02   0.183248E-16
  -22   -6    0 -21.467630684  -5.854808368   0.731971E-02   0.118574E-16
   22   -6    0  21.467630684  -5.854808368   0.731971E-02  -0.282045E-16
    6  -22    0   5.854808368 -21.467630684   0.731971E-02   0.319187E-16
   -6   22    0  -5.854808368  21.467630684   0.731971E-02  -0.319187E-16
   -6  -22    0  -5.854808368 -21.467630684   0.731971E-02   0.341469E-16
   22    6    0  21.467630684   5.854808368   0.731971E-02  -0.118574E-16
    6   22    0   5.854808368  21.467630684   0.731971E-02  -0.341469E-16
  -22    6    0 -21.467630684   5.854808368   0.731971E-02   0.282045E-16
  -20  -12    0 -19.516027894 -11.709616737   0.703712E-02  -0.145256E-16
  -12   20    0 -11.709616737  19.516027894   0.703712E-02  -0.169119E-16
   20  -12    0  19.516027894 -11.709616737   0.703712E-02   0.152435E-16
  -20   12    0 -19.516027894  11.709616737   0.703712E-02  -0.152435E-16
   20   12    0  19.516027894  11.709616737   0.703712E-02   0.145256E-16
   12  -20    0  11.709616737 -19.516027894   0.703712E-02   0.169119E-16
   12   20    0  11.709616737  19.516027894   0.703712E-02  -0.690065E-17
  -12  -20    0 -11.709616737 -19.516027894   0.703712E-02   0.690065E-17
    8   22    0   7.806411158  21.467630684  -0.100669E-02  -0.564386E-17
   22   -8    0  21.467630684  -7.806411158  -0.100669E-02   0.239161E-16
    8  -22    0   7.806411158 -21.467630684  -0.100669E-02  -0.243723E-16
  -22    8    0 -21.467630684   7.806411158  -0.100669E-02  -0.239161E-16
   -8  -22    0  -7.806411158 -21.467630684  -0.100669E-02   0.564386E-17
   -8   22    0  -7.806411158  21.467630684  -0.100669E-02   0.243723E-16
   22    8    0  21.467630684   7.806411158  -0.100669E-02   0.130355E-16
  -22   -8    0 -21.467630684  -7.806411158  -0.100669E-02  -0.130355E-16
    0  -24    0  -0.000000000 -23.419233473   0.669257E-02  -0.154653E-16
    0   24    0   0.000000000  23.419233473   0.669257E-02   0.154653E-16
  -24    0    0 -23.419233473   0.000000000   0.669257E-02  -0.188680E-16
   24    0    0  23.419233473  -0.000000000   0.669257E-02   0.188680E-16
   24   -2    0  23.419233473  -1.951602789  -0.964483E-03  -0.233630E-16
    2   24    0   1.951602789  23.419233473  -0.964483E-03  -0.931152E-17
  -24   -2    0 -23.419233473  -1.951602789  -0.964483E-03   0.656061E-17
   -2  -24    0  -1.951602789 -23.419233473  -0.964483E-03   0.931152E-17
  -24    2    0 -23.419233473   1.951602789  -0.964483E-03   0.233630E-16
    2  -24    0   1.951602789 -23.419233473  -0.964483E-03  -0.122398E-16
   -2   24    0  -1.951602789  23.419233473  -0.964483E-03   0.122398E-16
   24    2    0  23.419233473   1.951602789  -0.964483E-03  -0.656061E-17
  -16  -18    0 -15.612822316 -17.564425105  -0.964483E-03   0.149434E-16
   16  -18    0  15.612822316 -17.564425105  -0.964483E-03  -0.231057E-16
   18   16    0  17.564425105  15.612822316  -0.964483E-03  -0.149434E-16
   16   18    0  15.612822316  17.564425105  -0.964483E-03  -0.149434E-16
   18  -16    0  17.564425105 -15.612822316  -0.964483E-03  -0.187479E-16
  -18  -16    0 -17.564425105 -15.612822316  -0.964483E-03   0.149434E-16
  -18   16    0 -17.564425105  15.612822316  -0.964483E-03   0.187479E-16
  -16   18    0 -15.612822316  17.564425105  -0.964483E-03   0.231057E-16
   10  -22    0   9.758013947 -21.467630684   0.661162E-02   0.284578E-16
  -22   10    0 -21.467630684   9.758013947   0.661162E-02   0.284578E-16
  -10   22    0  -9.758013947  21.467630684   0.661162E-02  -0.284578E-16
  -10  -22    0  -9.758013947 -21.467630684   0.661162E-02  -0.862793E-17
   22  -10    0  21.467630684  -9.758013947   0.661162E-02  -0.284578E-16
   22   10    0  21.467630684   9.758013947   0.661162E-02  -0.140555E-16
  -22  -10    0 -21.467630684  -9.758013947   0.661162E-02   0.140555E-16
   10   22    0   9.758013947  21.467630684   0.661162E-02   0.862793E-17
   24    4    0  23.419233473   3.903205579   0.653262E-02   0.209369E-16
    4  -24    0   3.903205579 -23.419233473   0.653262E-02   0.421674E-16
  -24    4    0 -23.419233473   3.903205579   0.653262E-02  -0.420390E-16
  -24   -4    0 -23.419233473  -3.903205579   0.653262E-02  -0.209369E-16
   24   -4    0  23.419233473  -3.903205579   0.653262E-02   0.420390E-16
   -4  -24    0  -3.903205579 -23.419233473   0.653262E-02  -0.176142E-16
   -4   24    0  -3.903205579  23.419233473   0.653262E-02  -0.421674E-16
    4   24    0   3.903205579  23.419233473   0.653262E-02   0.176142E-16
  -14  -20    0 -13.661219526 -19.516027894  -0.944509E-03  -0.250536E-16
   20   14    0  19.516027894  13.661219526  -0.944509E-03  -0.142495E-17
  -14   20    0 -13.661219526  19.516027894  -0.944509E-03   0.904840E-17
   20  -14    0  19.516027894 -13.661219526  -0.944509E-03  -0.879102E-19
   14  -20    0  13.661219526 -19.516027894  -0.944509E-03  -0.904840E-17
  -20  -14    0 -19.516027894 -13.661219526  -0.944509E-03   0.142495E-17
   14   20    0  13.661219526  19.516027894  -0.944509E-03   0.250536E-16
  -20   14    0 -19.516027894  13.661219526  -0.944509E-03   0.879102E-19
   -6  -24    0  -5.854808368 -23.419233473  -0.925215E-03   0.335602E-18
   24    6    0  23.419233473   5.854808368  -0.925215E-03  -0.596941E-17
    6   24    0   5.854808368  23.419233473  -0.925215E-03  -0.335602E-18
    6  -24    0   5.854808368 -23.419233473  -0.925215E-03  -0.152372E-16
  -24    6    0 -23.419233473   5.854808368  -0.925215E-03   0.107035E-16
   24   -6    0  23.419233473  -5.854808368  -0.925215E-03  -0.107035E-16
  -24   -6    0 -23.419233473  -5.854808368  -0.925215E-03   0.596941E-17
   -6   24    0  -5.854808368  23.419233473  -0.925215E-03   0.152372E-16
  -22   12    0 -21.467630684  11.709616737  -0.906557E-03  -0.990805E-17
  -22  -12    0 -21.467630684 -11.709616737  -0.906557E-03  -0.191814E-16
   22  -12    0  21.467630684 -11.709616737  -0.906557E-03   0.990805E-17
   12   22    0  11.709616737  21.467630684  -0.906557E-03  -0.124397E-16
   12  -22    0  11.709616737 -21.467630684  -0.906557E-03  -0.154792E-16
   22   12    0  21.467630684  11.709616737  -0.906557E-03   0.191814E-16
  -12   22    0 -11.709616737  21.467630684  -0.906557E-03   0.154792E-16
  -12  -22    0 -11.709616737 -21.467630684  -0.906557E-03   0.124397E-16
   -8  -24    0  -7.806411158 -23.419233473   0.609551E-02  -0.187905E-16
   24   -8    0  23.419233473  -7.806411158   0.609551E-02   0.383737E-16
  -24   -8    0 -23.419233473  -7.806411158   0.609551E-02  -0.187905E-16
   -8   24    0  -7.806411158  23.419233473   0.609551E-02  -0.397613E-16
   24    8    0  23.419233473   7.806411158   0.609551E-02   0.187905E-16
    8  -24    0   7.806411158 -23.419233473   0.609551E-02   0.397613E-16
  -24    8    0 -23.419233473   7.806411158   0.609551E-02  -0.383737E-16
    8   24    0   7.806411158  23.419233473   0.609551E-02   0.187905E-16
  -18   18    0 -17.564425105  17.564425105   0.602827E-02   0.556260E-17
   18  -18    0  17.564425105 -17.564425105   0.602827E-02  -0.556260E-17
   18   18    0  17.564425105  17.564425105   0.602827E-02  -0.479831E-16
  -18  -18    0 -17.564425105 -17.564425105   0.602827E-02   0.479831E-16
   16  -20    0  15.612822316 -19.516027894   0.596251E-02   0.261338E-16
  -16   20    0 -15.612822316  19.516027894   0.596251E-02  -0.261338E-16
  -20  -16    0 -19.516027894 -15.612822316   0.596251E-02  -0.146069E-16
   20  -16    0  19.516027894 -15.612822316   0.596251E-02   0.208513E-16
  -20   16    0 -19.516027894  15.612822316   0.596251E-02  -0.208513E-16
   20   16    0  19.516027894  15.612822316   0.596251E-02   0.146069E-16
  -16  -20    0 -15.612822316 -19.516027894   0.596251E-02  -0.419363E-16
   16   20    0  15.612822316  19.516027894   0.596251E-02   0.419363E-16
  -26    0    0 -25.370836263   0.000000000  -0.854034E-03   0.479784E-16
    0  -26    0  -0.000000000 -25.370836263  -0.854034E-03   0.154530E-16
   26    0    0  25.370836263  -0.000000000  -0.854034E-03  -0.479784E-16
    0   26    0   0.000000000  25.370836263  -0.854034E-03  -0.154530E-16
  -10  -24    0  -9.758013947 -23.419233473  -0.854034E-03   0.249329E-16
   24  -10    0  23.419233473  -9.758013947  -0.854034E-03  -0.228635E-16
  -10   24    0  -9.758013947  23.419233473  -0.854034E-03   0.223251E-16
  -24   10    0 -23.419233473   9.758013947  -0.854034E-03   0.228635E-16
   10  -24    0   9.758013947 -23.419233473  -0.854034E-03  -0.223251E-16
   10   24    0   9.758013947  23.419233473  -0.854034E-03  -0.249329E-16
   24   10    0  23.419233473   9.758013947  -0.854034E-03  -0.242517E-16
  -24  -10    0 -23.419233473  -9.758013947  -0.854034E-03   0.242517E-16
   -2  -26    0  -1.951602789 -25.370836263   0.577354E-02  -0.532084E-17
   -2   26    0  -1.951602789  25.370836263   0.577354E-02   0.118418E-16
    2  -26    0   1.951602789 -25.370836263   0.577354E-02  -0.118418E-16
   26   -2    0  25.370836263  -1.951602789   0.577354E-02   0.462924E-16
    2   26    0   1.951602789  25.370836263   0.577354E-02   0.532084E-17
   26    2    0  25.370836263   1.951602789   0.577354E-02   0.376761E-16
  -26   -2    0 -25.370836263  -1.951602789   0.577354E-02  -0.376761E-16
  -26    2    0 -25.370836263   1.951602789   0.577354E-02  -0.462924E-16
  -14   22    0 -13.661219526  21.467630684   0.577354E-02  -0.241501E-16
   14  -22    0  13.661219526 -21.467630684   0.577354E-02   0.241501E-16
   22  -14    0  21.467630684 -13.661219526   0.577354E-02  -0.109918E-16
  -22  -14    0 -21.467630684 -13.661219526   0.577354E-02   0.401543E-16
   22   14    0  21.467630684  13.661219526   0.577354E-02  -0.401543E-16
   14   22    0  13.661219526  21.467630684   0.577354E-02   0.244783E-16
  -22   14    0 -21.467630684  13.661219526   0.577354E-02   0.109918E-16
  -14  -22    0 -13.661219526 -21.467630684   0.577354E-02  -0.244783E-16
  -26   -4    0 -25.370836263  -3.903205579  -0.837574E-03   0.259000E-16
   -4   26    0  -3.903205579  25.370836263  -0.837574E-03   0.271262E-18
    4   26    0   3.903205579  25.370836263  -0.837574E-03  -0.161362E-16
   -4  -26    0  -3.903205579 -25.370836263  -0.837574E-03   0.161362E-16
    4  -26    0   3.903205579 -25.370836263  -0.837574E-03  -0.271262E-18
   26    4    0  25.370836263   3.903205579  -0.837574E-03  -0.259000E-16
  -26    4    0 -25.370836263   3.903205579  -0.837574E-03   0.474319E-16
   26   -4    0  25.370836263  -3.903205579  -0.837574E-03  -0.474319E-16
  -26   -6    0 -25.370836263  -5.854808368   0.553949E-02  -0.136149E-16
   26   -6    0  25.370836263  -5.854808368   0.553949E-02   0.325968E-16
   26    6    0  25.370836263   5.854808368   0.553949E-02   0.136149E-16
    6  -26    0   5.854808368 -25.370836263   0.553949E-02  -0.851829E-17
   -6   26    0  -5.854808368  25.370836263   0.553949E-02   0.851829E-17
    6   26    0   5.854808368  25.370836263   0.553949E-02   0.159609E-17
   -6  -26    0  -5.854808368 -25.370836263   0.553949E-02  -0.159609E-17
  -26    6    0 -25.370836263   5.854808368   0.553949E-02  -0.325968E-16
  -24  -12    0 -23.419233473 -11.709616737   0.548392E-02  -0.134355E-16
   12   24    0  11.709616737  23.419233473   0.548392E-02   0.246155E-16
   24   12    0  23.419233473  11.709616737   0.548392E-02   0.134355E-16
  -24   12    0 -23.419233473  11.709616737   0.548392E-02  -0.328534E-16
   12  -24    0  11.709616737 -23.419233473   0.548392E-02   0.215672E-16
   24  -12    0  23.419233473 -11.709616737   0.548392E-02   0.328534E-16
  -12  -24    0 -11.709616737 -23.419233473   0.548392E-02  -0.246155E-16
  -12   24    0 -11.709616737  23.419233473   0.548392E-02  -0.215672E-16
   20  -18    0  19.516027894 -17.564425105  -0.806072E-03  -0.120329E-17
  -20  -18    0 -19.516027894 -17.564425105  -0.806072E-03  -0.215138E-16
  -18   20    0 -17.564425105  19.516027894  -0.806072E-03   0.520751E-17
   18   20    0  17.564425105  19.516027894  -0.806072E-03  -0.257660E-16
   18  -20    0  17.564425105 -19.516027894  -0.806072E-03  -0.520751E-17
  -20   18    0 -19.516027894  17.564425105  -0.806072E-03   0.120329E-17
   20   18    0  19.516027894  17.564425105  -0.806072E-03   0.215138E-16
  -18  -20    0 -17.564425105 -19.516027894  -0.806072E-03   0.257660E-16
   26    8    0  25.370836263   7.806411158  -0.790989E-03  -0.263426E-16
   -8   26    0  -7.806411158  25.370836263  -0.790989E-03   0.222870E-16
  -26   -8    0 -25.370836263  -7.806411158  -0.790989E-03   0.263426E-16
   26   -8    0  25.370836263  -7.806411158  -0.790989E-03  -0.463131E-16
  -26    8    0 -25.370836263   7.806411158  -0.790989E-03   0.463131E-16
    8   26    0   7.806411158  25.370836263  -0.790989E-03  -0.161370E-16
    8  -26    0   7.806411158 -25.370836263  -0.790989E-03  -0.222870E-16
   -8  -26    0  -7.806411158 -25.370836263  -0.790989E-03   0.161370E-16
   16   22    0  15.612822316  21.467630684  -0.790989E-03  -0.308011E-16
  -22   16    0 -21.467630684  15.612822316  -0.790989E-03  -0.471720E-17
  -22  -16    0 -21.467630684 -15.612822316  -0.790989E-03  -0.210958E-16
   16  -22    0  15.612822316 -21.467630684  -0.790989E-03  -0.150267E-16
  -16  -22    0 -15.612822316 -21.467630684  -0.790989E-03   0.308011E-16
   22  -16    0  21.467630684 -15.612822316  -0.790989E-03   0.471720E-17
   22   16    0  21.467630684  15.612822316  -0.790989E-03   0.210958E-16
  -16   22    0 -15.612822316  21.467630684  -0.790989E-03   0.150267E-16
   24   14    0  23.419233473  13.661219526  -0.762064E-03  -0.152526E-16
  -24  -14    0 -23.419233473 -13.661219526  -0.762064E-03   0.152526E-16
   14  -24    0  13.661219526 -23.419233473  -0.762064E-03  -0.161590E-16
  -14   24    0 -13.661219526  23.419233473  -0.762064E-03   0.161590E-16
  -24   14    0 -23.419233473  13.661219526  -0.762064E-03   0.122016E-16
   14   24    0  13.661219526  23.419233473  -0.762064E-03  -0.152526E-16
  -14  -24    0 -13.661219526 -23.419233473  -0.762064E-03   0.152526E-16
   24  -14    0  23.419233473 -13.661219526  -0.762064E-03  -0.122016E-16
  -26   10    0 -25.370836263   9.758013947   0.512420E-02  -0.441706E-16
   26   10    0  25.370836263   9.758013947   0.512420E-02   0.354755E-16
   10  -26    0   9.758013947 -25.370836263   0.512420E-02   0.279370E-16
  -10   26    0  -9.758013947  25.370836263   0.512420E-02  -0.279370E-16
   10   26    0   9.758013947  25.370836263   0.512420E-02   0.606459E-17
   26  -10    0  25.370836263  -9.758013947   0.512420E-02   0.441706E-16
  -26  -10    0 -25.370836263  -9.758013947   0.512420E-02  -0.354755E-16
  -10  -26    0  -9.758013947 -25.370836263   0.512420E-02  -0.606459E-17
    0  -28    0  -0.000000000 -27.322439052   0.507664E-02  -0.334715E-17
    0   28    0   0.000000000  27.322439052   0.507664E-02   0.334715E-17
  -28    0    0 -27.322439052   0.000000000   0.507664E-02  -0.334715E-17
   28    0    0  27.322439052  -0.000000000   0.507664E-02   0.334715E-17
  -28    2    0 -27.322439052   1.951602789  -0.748191E-03   0.150761E-17
   -2   28    0  -1.951602789  27.322439052  -0.748191E-03  -0.448012E-17
   28   -2    0  27.322439052  -1.951602789  -0.748191E-03  -0.150761E-17
  -28   -2    0 -27.322439052  -1.951602789  -0.748191E-03   0.803195E-17
   28    2    0  27.322439052   1.951602789  -0.748191E-03  -0.803195E-17
   -2  -28    0  -1.951602789 -27.322439052  -0.748191E-03   0.537384E-17
    2   28    0   1.951602789  27.322439052  -0.748191E-03  -0.537384E-17
    2  -28    0   1.951602789 -27.322439052  -0.748191E-03   0.448012E-17
    4  -28    0   3.903205579 -27.322439052   0.498416E-02  -0.115292E-16
   28   -4    0  27.322439052  -3.903205579   0.498416E-02   0.264484E-16
   28    4    0  27.322439052   3.903205579   0.498416E-02   0.520761E-17
  -28    4    0 -27.322439052   3.903205579   0.498416E-02  -0.264484E-16
   -4   28    0  -3.903205579  27.322439052   0.498416E-02   0.115292E-16
  -28   -4    0 -27.322439052  -3.903205579   0.498416E-02  -0.520761E-17
    4   28    0   3.903205579  27.322439052   0.498416E-02   0.520761E-17
   -4  -28    0  -3.903205579 -27.322439052   0.498416E-02  -0.520761E-17
   20  -20    0  19.516027894 -19.516027894   0.498416E-02   0.958469E-17
  -20  -20    0 -19.516027894 -19.516027894   0.498416E-02  -0.331513E-16
  -20   20    0 -19.516027894  19.516027894   0.498416E-02  -0.958469E-17
   20   20    0  19.516027894  19.516027894   0.498416E-02   0.331513E-16
  -22   18    0 -21.467630684  17.564425105   0.493918E-02   0.144142E-16
  -18   22    0 -17.564425105  21.467630684   0.493918E-02  -0.217792E-17
   22  -18    0  21.467630684 -17.564425105   0.493918E-02  -0.144142E-16
  -18  -22    0 -17.564425105 -21.467630684   0.493918E-02   0.857849E-17
   18  -22    0  17.564425105 -21.467630684   0.493918E-02   0.217792E-17
  -22  -18    0 -21.467630684 -17.564425105   0.493918E-02   0.311624E-16
   18   22    0  17.564425105  21.467630684   0.493918E-02  -0.857849E-17
   22   18    0  21.467630684  17.564425105   0.493918E-02  -0.311624E-16
   -6   28    0  -5.854808368  27.322439052  -0.721551E-03  -0.656439E-17
  -28   -6    0 -27.322439052  -5.854808368  -0.721551E-03   0.860780E-17
   -6  -28    0  -5.854808368 -27.322439052  -0.721551E-03   0.110135E-16
  -28    6    0 -27.322439052   5.854808368  -0.721551E-03   0.664327E-17
   26  -12    0  25.370836263 -11.709616737  -0.721551E-03  -0.383824E-16
  -26  -12    0 -25.370836263 -11.709616737  -0.721551E-03   0.230165E-16
  -12   26    0 -11.709616737  25.370836263  -0.721551E-03   0.213263E-16
   28   -6    0  27.322439052  -5.854808368  -0.721551E-03  -0.664327E-17
   12  -26    0  11.709616737 -25.370836263  -0.721551E-03  -0.213263E-16
   28    6    0  27.322439052   5.854808368  -0.721551E-03  -0.860780E-17
   12   26    0  11.709616737  25.370836263  -0.721551E-03  -0.205320E-16
  -26   12    0 -25.370836263  11.709616737  -0.721551E-03   0.383824E-16
    6  -28    0   5.854808368 -27.322439052  -0.721551E-03   0.656439E-17
  -12  -26    0 -11.709616737 -25.370836263  -0.721551E-03   0.205320E-16
    6   28    0   5.854808368  27.322439052  -0.721551E-03  -0.110135E-16
   26   12    0  25.370836263  11.709616737  -0.721551E-03  -0.230165E-16
  -16  -24    0 -15.612822316 -23.419233473   0.480902E-02  -0.209917E-16
   24  -16    0  23.419233473 -15.612822316   0.480902E-02   0.336649E-16
   16  -24    0  15.612822316 -23.419233473   0.480902E-02   0.360755E-16
   16   24    0  15.612822316  23.419233473   0.480902E-02   0.209917E-16
  -16   24    0 -15.612822316  23.419233473   0.480902E-02  -0.360755E-16
   24   16    0  23.419233473  15.612822316   0.480902E-02   0.381542E-16
  -24   16    0 -23.419233473  15.612822316   0.480902E-02  -0.336649E-16
  -24  -16    0 -23.419233473 -15.612822316   0.480902E-02  -0.381542E-16
  -28   -8    0 -27.322439052  -7.806411158   0.472602E-02  -0.260351E-16
  -28    8    0 -27.322439052   7.806411158   0.472602E-02  -0.313399E-16
    8  -28    0   7.806411158 -27.322439052   0.472602E-02   0.353935E-17
   -8   28    0  -7.806411158  27.322439052   0.472602E-02  -0.353935E-17
   28   -8    0  27.322439052  -7.806411158   0.472602E-02   0.313399E-16
   28    8    0  27.322439052   7.806411158   0.472602E-02   0.260351E-16
    8   28    0   7.806411158  27.322439052   0.472602E-02   0.115789E-16
   -8  -28    0  -7.806411158 -27.322439052   0.472602E-02  -0.115789E-16
  -14   26    0 -13.661219526  25.370836263   0.460682E-02  -0.344865E-16
  -14  -26    0 -13.661219526 -25.370836263   0.460682E-02   0.451404E-17
  -26   14    0 -25.370836263  13.661219526   0.460682E-02  -0.311597E-16
   14   26    0  13.661219526  25.370836263   0.460682E-02  -0.451404E-17
   14  -26    0  13.661219526 -25.370836263   0.460682E-02   0.344865E-16
  -26  -14    0 -25.370836263 -13.661219526   0.460682E-02  -0.354079E-16
   26   14    0  25.370836263  13.661219526   0.460682E-02   0.354079E-16
   26  -14    0  25.370836263 -13.661219526   0.460682E-02   0.311597E-16
  -28   10    0 -27.322439052   9.758013947  -0.672351E-03   0.147035E-16
  -10  -28    0  -9.758013947 -27.322439052  -0.672351E-03  -0.121064E-16
   28  -10    0  27.322439052  -9.758013947  -0.672351E-03  -0.147035E-16
  -28  -10    0 -27.322439052  -9.758013947  -0.672351E-03   0.883393E-17
   28   10    0  27.322439052   9.758013947  -0.672351E-03  -0.883393E-17
   10   28    0   9.758013947  27.322439052  -0.672351E-03   0.121064E-16
  -10   28    0  -9.758013947  27.322439052  -0.672351E-03  -0.390863E-17
   10  -28    0   9.758013947 -27.322439052  -0.672351E-03   0.390863E-17
  -22   20    0 -21.467630684  19.516027894  -0.672351E-03  -0.771863E-17
   20  -22    0  19.516027894 -21.467630684  -0.672351E-03  -0.543452E-17
   22  -20    0  21.467630684 -19.516027894  -0.672351E-03   0.771863E-17
  -20   22    0 -19.516027894  21.467630684  -0.672351E-03   0.543452E-17
  -20  -22    0 -19.516027894 -21.467630684  -0.672351E-03  -0.322074E-17
   20   22    0  19.516027894  21.467630684  -0.672351E-03   0.322074E-17
   22   20    0  21.467630684  19.516027894  -0.672351E-03   0.322074E-17
  -22  -20    0 -21.467630684 -19.516027894  -0.672351E-03  -0.322074E-17
   24  -18    0  23.419233473 -17.564425105  -0.660837E-03  -0.160287E-16
  -18  -24    0 -17.564425105 -23.419233473  -0.660837E-03  -0.316738E-17
  -24  -18    0 -23.419233473 -17.564425105  -0.660837E-03   0.174274E-16
   24   18    0  23.419233473  17.564425105  -0.660837E-03  -0.174274E-16
  -18   24    0 -17.564425105  23.419233473  -0.660837E-03   0.130525E-16
   18   24    0  17.564425105  23.419233473  -0.660837E-03   0.316738E-17
  -24   18    0 -23.419233473  17.564425105  -0.660837E-03   0.160287E-16
   18  -24    0  17.564425105 -23.419233473  -0.660837E-03  -0.130525E-16
   28  -12    0  27.322439052 -11.709616737   0.435104E-02   0.238600E-16
  -28  -12    0 -27.322439052 -11.709616737   0.435104E-02  -0.790260E-17
  -12   28    0 -11.709616737  27.322439052   0.435104E-02   0.393702E-17
   12  -28    0  11.709616737 -27.322439052   0.435104E-02  -0.393702E-17
  -28   12    0 -27.322439052  11.709616737   0.435104E-02  -0.238600E-16
   28   12    0  27.322439052  11.709616737   0.435104E-02   0.790260E-17
  -12  -28    0 -11.709616737 -27.322439052   0.435104E-02  -0.568551E-17
   12   28    0  11.709616737  27.322439052   0.435104E-02   0.568551E-17
  -16  -26    0 -15.612822316 -25.370836263  -0.638687E-03  -0.306545E-17
  -26  -16    0 -25.370836263 -15.612822316  -0.638687E-03   0.410997E-16
   26   16    0  25.370836263  15.612822316  -0.638687E-03  -0.410997E-16
   16  -26    0  15.612822316 -25.370836263  -0.638687E-03  -0.185889E-16
   26  -16    0  25.370836263 -15.612822316  -0.638687E-03  -0.311729E-16
  -16   26    0 -15.612822316  25.370836263  -0.638687E-03   0.185889E-16
   16   26    0  15.612822316  25.370836263  -0.638687E-03   0.306545E-17
  -26   16    0 -25.370836263  15.612822316  -0.638687E-03   0.311729E-16
   22  -22    0  21.467630684 -21.467630684   0.418529E-02  -0.549288E-17
  -22  -22    0 -21.467630684 -21.467630684   0.418529E-02   0.205227E-16
   22   22    0  21.467630684  21.467630684   0.418529E-02  -0.205227E-16
  -22   22    0 -21.467630684  21.467630684   0.418529E-02   0.549288E-17
  -20   24    0 -19.516027894  23.419233473   0.415367E-02  -0.158393E-16
  -24   20    0 -23.419233473  19.516027894   0.415367E-02  -0.266707E-16
  -24  -20    0 -23.419233473 -19.516027894   0.415367E-02  -0.365960E-16
   24   20    0  23.419233473  19.516027894   0.415367E-02   0.365960E-16
  -20  -24    0 -19.516027894 -23.419233473   0.415367E-02   0.561069E-17
   20   24    0  19.516027894  23.419233473   0.415367E-02  -0.561069E-17
   20  -24    0  19.516027894 -23.419233473   0.415367E-02   0.158393E-16
   24  -20    0  23.419233473 -19.516027894   0.415367E-02   0.266707E-16
  -28  -14    0 -27.322439052 -13.661219526  -0.607527E-03  -0.184437E-17
   14   28    0  13.661219526  27.322439052  -0.607527E-03   0.821765E-17
  -14   28    0 -13.661219526  27.322439052  -0.607527E-03  -0.360861E-17
   28   14    0  27.322439052  13.661219526  -0.607527E-03   0.184437E-17
  -14  -28    0 -13.661219526 -27.322439052  -0.607527E-03  -0.821765E-17
  -28   14    0 -27.322439052  13.661219526  -0.607527E-03   0.574152E-17
   28  -14    0  27.322439052 -13.661219526  -0.607527E-03  -0.574152E-17
   14  -28    0  13.661219526 -27.322439052  -0.607527E-03   0.360861E-17
   18  -26    0  17.564425105 -25.370836263   0.406166E-02   0.874954E-17
  -26  -18    0 -25.370836263 -17.564425105   0.406166E-02  -0.276034E-16
  -18   26    0 -17.564425105  25.370836263   0.406166E-02  -0.874954E-17
   26   18    0  25.370836263  17.564425105   0.406166E-02   0.276034E-16
   26  -18    0  25.370836263 -17.564425105   0.406166E-02   0.228119E-16
  -26   18    0 -25.370836263  17.564425105   0.406166E-02  -0.228119E-16
   18   26    0  17.564425105  25.370836263   0.406166E-02  -0.116435E-16
  -18  -26    0 -17.564425105 -25.370836263   0.406166E-02   0.116435E-16
  -16   28    0 -15.612822316  27.322439052   0.391721E-02  -0.382572E-16
  -28   16    0 -27.322439052  15.612822316   0.391721E-02  -0.244248E-16
   28  -16    0  27.322439052 -15.612822316   0.391721E-02   0.244248E-16
  -16  -28    0 -15.612822316 -27.322439052   0.391721E-02   0.112324E-16
   28   16    0  27.322439052  15.612822316   0.391721E-02   0.185567E-16
  -28  -16    0 -27.322439052 -15.612822316   0.391721E-02  -0.185567E-16
   16  -28    0  15.612822316 -27.322439052   0.391721E-02   0.382572E-16
   16   28    0  15.612822316  27.322439052   0.391721E-02  -0.112324E-16
  -24   22    0 -23.419233473  21.467630684  -0.560589E-03   0.199225E-16
   22   24    0  21.467630684  23.419233473  -0.560589E-03  -0.188102E-17
  -22  -24    0 -21.467630684 -23.419233473  -0.560589E-03   0.188102E-17
   24  -22    0  23.419233473 -21.467630684  -0.560589E-03  -0.199225E-16
   22  -24    0  21.467630684 -23.419233473  -0.560589E-03   0.389621E-17
  -22   24    0 -21.467630684  23.419233473  -0.560589E-03  -0.389621E-17
  -24  -22    0 -23.419233473 -21.467630684  -0.560589E-03  -0.396008E-17
   24   22    0  23.419233473  21.467630684  -0.560589E-03   0.396008E-17
  -26   20    0 -25.370836263  19.516027894  -0.551890E-03   0.256191E-16
  -26  -20    0 -25.370836263 -19.516027894  -0.551890E-03   0.347088E-16
   26  -20    0  25.370836263 -19.516027894  -0.551890E-03  -0.256191E-16
  -20   26    0 -19.516027894  25.370836263  -0.551890E-03   0.110885E-16
   20  -26    0  19.516027894 -25.370836263  -0.551890E-03  -0.110885E-16
   20   26    0  19.516027894  25.370836263  -0.551890E-03  -0.375624E-17
   26   20    0  25.370836263  19.516027894  -0.551890E-03  -0.347088E-16
  -20  -26    0 -19.516027894 -25.370836263  -0.551890E-03   0.375624E-17
   28  -18    0  27.322439052 -17.564425105  -0.535129E-03  -0.100804E-16
  -28   18    0 -27.322439052  17.564425105  -0.535129E-03   0.100804E-16
   18  -28    0  17.564425105 -27.322439052  -0.535129E-03  -0.143425E-16
  -18   28    0 -17.564425105  27.322439052  -0.535129E-03   0.143425E-16
   28   18    0  27.322439052  17.564425105  -0.535129E-03  -0.465787E-17
  -18  -28    0 -17.564425105 -27.322439052  -0.535129E-03  -0.575267E-17
  -28  -18    0 -27.322439052 -17.564425105  -0.535129E-03   0.465787E-17
   18   28    0  17.564425105  27.322439052  -0.535129E-03   0.575267E-17
   24   24    0  23.419233473  23.419233473   0.356337E-02   0.110466E-16
   24  -24    0  23.419233473 -23.419233473   0.356337E-02   0.244578E-16
  -24  -24    0 -23.419233473 -23.419233473   0.356337E-02  -0.110466E-16
  -24   24    0 -23.419233473  23.419233473   0.356337E-02  -0.244578E-16
   22   26    0  21.467630684  25.370836263   0.354057E-02  -0.214013E-16
  -26  -22    0 -25.370836263 -21.467630684   0.354057E-02  -0.145715E-16
  -22  -26    0 -21.467630684 -25.370836263   0.354057E-02   0.214013E-16
  -26   22    0 -25.370836263  21.467630684   0.354057E-02  -0.256552E-16
  -22   26    0 -21.467630684  25.370836263   0.354057E-02  -0.672625E-17
   22  -26    0  21.467630684 -25.370836263   0.354057E-02   0.672625E-17
   26  -22    0  25.370836263 -21.467630684   0.354057E-02   0.256552E-16
   26   22    0  25.370836263  21.467630684   0.354057E-02   0.145715E-16
  -28   20    0 -27.322439052  19.516027894   0.347396E-02  -0.136971E-16
  -28  -20    0 -27.322439052 -19.516027894   0.347396E-02  -0.125201E-16
   20  -28    0  19.516027894 -27.322439052   0.347396E-02   0.202555E-16
   28  -20    0  27.322439052 -19.516027894   0.347396E-02   0.136971E-16
   28   20    0  27.322439052  19.516027894   0.347396E-02   0.125201E-16
  -20  -28    0 -19.516027894 -27.322439052   0.347396E-02   0.687841E-17
  -20   28    0 -19.516027894  27.322439052   0.347396E-02  -0.202555E-16
   20   28    0  19.516027894  27.322439052   0.347396E-02  -0.687841E-17
  -24  -26    0 -23.419233473 -25.370836263  -0.469148E-03   0.189222E-16
   24  -26    0  23.419233473 -25.370836263  -0.469148E-03  -0.134019E-16
  -26   24    0 -25.370836263  23.419233473  -0.469148E-03   0.294652E-16
  -26  -24    0 -25.370836263 -23.419233473  -0.469148E-03   0.206018E-16
   26   24    0  25.370836263  23.419233473  -0.469148E-03  -0.206018E-16
  -24   26    0 -23.419233473  25.370836263  -0.469148E-03   0.134019E-16
   24   26    0  23.419233473  25.370836263  -0.469148E-03  -0.189222E-16
   26  -24    0  25.370836263 -23.419233473  -0.469148E-03  -0.294652E-16
   22  -28    0  21.467630684 -27.322439052  -0.462670E-03  -0.699838E-17
  -22   28    0 -21.467630684  27.322439052  -0.462670E-03   0.699838E-17
  -28  -22    0 -27.322439052 -21.467630684  -0.462670E-03   0.877727E-17
  -28   22    0 -27.322439052  21.467630684  -0.462670E-03   0.161448E-16
  -22  -28    0 -21.467630684 -27.322439052  -0.462670E-03  -0.609116E-17
   28  -22    0  27.322439052 -21.467630684  -0.462670E-03  -0.161448E-16
   22   28    0  21.467630684  27.322439052  -0.462670E-03   0.609116E-17
   28   22    0  27.322439052  21.467630684  -0.462670E-03  -0.877727E-17
  -26   26    0 -25.370836263  25.370836263   0.307101E-02  -0.320909E-16
   26   26    0  25.370836263  25.370836263   0.307101E-02   0.908550E-17
  -26  -26    0 -25.370836263 -25.370836263   0.307101E-02  -0.908550E-17
   26  -26    0  25.370836263 -25.370836263   0.307101E-02   0.320909E-16
   28  -24    0  27.322439052 -23.419233473   0.305420E-02   0.193650E-16
  -24  -28    0 -23.419233473 -27.322439052   0.305420E-02   0.643229E-17
   28   24    0  27.322439052  23.419233473   0.305420E-02   0.214552E-16
   24  -28    0  23.419233473 -27.322439052   0.305420E-02   0.249482E-16
   24   28    0  23.419233473  27.322439052   0.305420E-02  -0.643229E-17
  -28  -24    0 -27.322439052 -23.419233473   0.305420E-02  -0.214552E-16
  -24   28    0 -23.419233473  27.322439052   0.305420E-02  -0.249482E-16
  -28   24    0 -27.322439052  23.419233473   0.305420E-02  -0.193650E-16
  -28  -26    0 -27.322439052 -25.370836263  -0.395853E-03  -0.487339E-17
   28   26    0  27.322439052  25.370836263  -0.395853E-03   0.487339E-17
  -26  -28    0 -25.370836263 -27.322439052  -0.395853E-03   0.169251E-16
  -26   28    0 -25.370836263  27.322439052  -0.395853E-03   0.296544E-16
   28  -26    0  27.322439052 -25.370836263  -0.395853E-03  -0.130222E-16
   26   28    0  25.370836263  27.322439052  -0.395853E-03  -0.169251E-16
   26  -28    0  25.370836263 -27.322439052  -0.395853E-03  -0.296544E-16
  -28   26    0 -27.322439052  25.370836263  -0.395853E-03   0.130222E-16
  -28   28    0 -27.322439052  27.322439052   0.267494E-02  -0.226575E-16
   28  -28    0  27.322439052 -27.322439052   0.267494E-02   0.226575E-16
  -28  -28    0 -27.322439052 -27.322439052   0.267494E-02   0.518963E-18
   28   28    0  27.322439052  27.322439052   0.267494E-02  -0.518963E-18
